Minimum number of moves = 55
(3x3)
5 0 4
2 3 8
7 1 6
(3x3)
5 3 4
2 0 8
7 1 6
(3x3)
5 3 4
2 8 0
7 1 6
(3x3)
5 3 0
2 8 4
7 1 6
(3x3)
5 0 3
2 8 4
7 1 6
(3x3)
0 5 3
2 8 4
7 1 6
(3x3)
2 5 3
0 8 4
7 1 6
(3x3)
2 5 3
7 8 4
0 1 6
(3x3)
2 5 3
7 8 4
1 0 6
(3x3)
2 5 3
7 0 4
1 8 6
(3x3)
2 5 3
7 4 0
1 8 6
(3x3)
2 5 3
7 4 6
1 8 0
(3x3)
2 5 3
7 4 6
1 0 8
(3x3)
2 5 3
7 4 6
0 1 8
(3x3)
2 5 3
0 4 6
7 1 8
(3x3)
2 5 3
4 0 6
7 1 8
(3x3)
2 5 3
4 1 6
7 0 8
(3x3)
2 5 3
4 1 6
7 8 0
(3x3)
2 5 3
4 1 0
7 8 6
(3x3)
2 5 3
4 0 1
7 8 6
(3x3)
2 0 3
4 5 1
7 8 6
(3x3)
2 3 0
4 5 1
7 8 6
(3x3)
2 3 1
4 5 0
7 8 6
(3x3)
2 3 1
4 5 6
7 8 0
(3x3)
2 3 1
4 5 6
7 0 8
(3x3)
2 3 1
4 0 6
7 5 8
(3x3)
2 0 1
4 3 6
7 5 8
(3x3)
2 1 0
4 3 6
7 5 8
(3x3)
2 1 6
4 3 0
7 5 8
(3x3)
2 1 6
4 0 3
7 5 8
(3x3)
2 1 6
4 5 3
7 0 8
(3x3)
2 1 6
4 5 3
7 8 0
(3x3)
2 1 6
4 5 0
7 8 3
(3x3)
2 1 0
4 5 6
7 8 3
(3x3)
2 0 1
4 5 6
7 8 3
(3x3)
0 2 1
4 5 6
7 8 3
(3x3)
4 2 1
0 5 6
7 8 3
(3x3)
4 2 1
5 0 6
7 8 3
(3x3)
4 0 1
5 2 6
7 8 3
(3x3)
4 1 0
5 2 6
7 8 3
(3x3)
4 1 6
5 2 0
7 8 3
(3x3)
4 1 6
5 0 2
7 8 3
(3x3)
4 1 6
0 5 2
7 8 3
(3x3)
0 1 6
4 5 2
7 8 3
(3x3)
1 0 6
4 5 2
7 8 3
(3x3)
1 6 0
4 5 2
7 8 3
(3x3)
1 6 2
4 5 0
7 8 3
(3x3)
1 6 2
4 5 3
7 8 0
(3x3)
1 6 2
4 5 3
7 0 8
(3x3)
1 6 2
4 0 3
7 5 8
(3x3)
1 0 2
4 6 3
7 5 8
(3x3)
1 2 0
4 6 3
7 5 8
(3x3)
1 2 3
4 6 0
7 5 8
(3x3)
1 2 3
4 0 6
7 5 8
(3x3)
1 2 3
4 5 6
7 0 8
(3x3)
1 2 3
4 5 6
7 8 0
