Minimum number of moves = 52
(3x3)
5 7 0
3 2 8
1 6 4
(3x3)
5 7 8
3 2 0
1 6 4
(3x3)
5 7 8
3 2 4
1 6 0
(3x3)
5 7 8
3 2 4
1 0 6
(3x3)
5 7 8
3 0 4
1 2 6
(3x3)
5 7 8
3 4 0
1 2 6
(3x3)
5 7 0
3 4 8
1 2 6
(3x3)
5 0 7
3 4 8
1 2 6
(3x3)
5 4 7
3 0 8
1 2 6
(3x3)
5 4 7
3 8 0
1 2 6
(3x3)
5 4 7
3 8 6
1 2 0
(3x3)
5 4 7
3 8 6
1 0 2
(3x3)
5 4 7
3 0 6
1 8 2
(3x3)
5 4 7
0 3 6
1 8 2
(3x3)
5 4 7
1 3 6
0 8 2
(3x3)
5 4 7
1 3 6
8 0 2
(3x3)
5 4 7
1 3 6
8 2 0
(3x3)
5 4 7
1 3 0
8 2 6
(3x3)
5 4 7
1 0 3
8 2 6
(3x3)
5 4 7
1 2 3
8 0 6
(3x3)
5 4 7
1 2 3
0 8 6
(3x3)
5 4 7
0 2 3
1 8 6
(3x3)
0 4 7
5 2 3
1 8 6
(3x3)
4 0 7
5 2 3
1 8 6
(3x3)
4 2 7
5 0 3
1 8 6
(3x3)
4 2 7
0 5 3
1 8 6
(3x3)
0 2 7
4 5 3
1 8 6
(3x3)
2 0 7
4 5 3
1 8 6
(3x3)
2 7 0
4 5 3
1 8 6
(3x3)
2 7 3
4 5 0
1 8 6
(3x3)
2 7 3
4 0 5
1 8 6
(3x3)
2 0 3
4 7 5
1 8 6
(3x3)
0 2 3
4 7 5
1 8 6
(3x3)
4 2 3
0 7 5
1 8 6
(3x3)
4 2 3
7 0 5
1 8 6
(3x3)
4 2 3
7 5 0
1 8 6
(3x3)
4 2 3
7 5 6
1 8 0
(3x3)
4 2 3
7 5 6
1 0 8
(3x3)
4 2 3
7 5 6
0 1 8
(3x3)
4 2 3
0 5 6
7 1 8
(3x3)
4 2 3
5 0 6
7 1 8
(3x3)
4 2 3
5 1 6
7 0 8
(3x3)
4 2 3
5 1 6
7 8 0
(3x3)
4 2 3
5 1 0
7 8 6
(3x3)
4 2 0
5 1 3
7 8 6
(3x3)
4 0 2
5 1 3
7 8 6
(3x3)
4 1 2
5 0 3
7 8 6
(3x3)
4 1 2
0 5 3
7 8 6
(3x3)
0 1 2
4 5 3
7 8 6
(3x3)
1 0 2
4 5 3
7 8 6
(3x3)
1 2 0
4 5 3
7 8 6
(3x3)
1 2 3
4 5 0
7 8 6
(3x3)
1 2 3
4 5 6
7 8 0
