Minimum number of moves = 55
(3x3)
1 0 2
7 5 4
8 6 3
(3x3)
1 2 0
7 5 4
8 6 3
(3x3)
1 2 4
7 5 0
8 6 3
(3x3)
1 2 4
7 5 3
8 6 0
(3x3)
1 2 4
7 5 3
8 0 6
(3x3)
1 2 4
7 5 3
0 8 6
(3x3)
1 2 4
0 5 3
7 8 6
(3x3)
1 2 4
5 0 3
7 8 6
(3x3)
1 2 4
5 3 0
7 8 6
(3x3)
1 2 0
5 3 4
7 8 6
(3x3)
1 0 2
5 3 4
7 8 6
(3x3)
1 3 2
5 0 4
7 8 6
(3x3)
1 3 2
5 4 0
7 8 6
(3x3)
1 3 2
5 4 6
7 8 0
(3x3)
1 3 2
5 4 6
7 0 8
(3x3)
1 3 2
5 0 6
7 4 8
(3x3)
1 3 2
0 5 6
7 4 8
(3x3)
1 3 2
7 5 6
0 4 8
(3x3)
1 3 2
7 5 6
4 0 8
(3x3)
1 3 2
7 5 6
4 8 0
(3x3)
1 3 2
7 5 0
4 8 6
(3x3)
1 3 0
7 5 2
4 8 6
(3x3)
1 0 3
7 5 2
4 8 6
(3x3)
1 5 3
7 0 2
4 8 6
(3x3)
1 5 3
7 2 0
4 8 6
(3x3)
1 5 3
7 2 6
4 8 0
(3x3)
1 5 3
7 2 6
4 0 8
(3x3)
1 5 3
7 2 6
0 4 8
(3x3)
1 5 3
0 2 6
7 4 8
(3x3)
1 5 3
2 0 6
7 4 8
(3x3)
1 5 3
2 4 6
7 0 8
(3x3)
1 5 3
2 4 6
7 8 0
(3x3)
1 5 3
2 4 0
7 8 6
(3x3)
1 5 3
2 0 4
7 8 6
(3x3)
1 5 3
0 2 4
7 8 6
(3x3)
1 5 3
7 2 4
0 8 6
(3x3)
1 5 3
7 2 4
8 0 6
(3x3)
1 5 3
7 0 4
8 2 6
(3x3)
1 5 3
7 4 0
8 2 6
(3x3)
1 5 3
7 4 6
8 2 0
(3x3)
1 5 3
7 4 6
8 0 2
(3x3)
1 5 3
7 4 6
0 8 2
(3x3)
1 5 3
0 4 6
7 8 2
(3x3)
1 5 3
4 0 6
7 8 2
(3x3)
1 0 3
4 5 6
7 8 2
(3x3)
1 3 0
4 5 6
7 8 2
(3x3)
1 3 6
4 5 0
7 8 2
(3x3)
1 3 6
4 5 2
7 8 0
(3x3)
1 3 6
4 5 2
7 0 8
(3x3)
1 3 6
4 0 2
7 5 8
(3x3)
1 3 6
4 2 0
7 5 8
(3x3)
1 3 0
4 2 6
7 5 8
(3x3)
1 0 3
4 2 6
7 5 8
(3x3)
1 2 3
4 0 6
7 5 8
(3x3)
1 2 3
4 5 6
7 0 8
(3x3)
1 2 3
4 5 6
7 8 0
