Minimum number of moves = 52
(3x3)
7 8 5
4 0 2
3 6 1
(3x3)
7 8 5
4 6 2
3 0 1
(3x3)
7 8 5
4 6 2
3 1 0
(3x3)
7 8 5
4 6 0
3 1 2
(3x3)
7 8 5
4 0 6
3 1 2
(3x3)
7 8 5
4 1 6
3 0 2
(3x3)
7 8 5
4 1 6
3 2 0
(3x3)
7 8 5
4 1 0
3 2 6
(3x3)
7 8 0
4 1 5
3 2 6
(3x3)
7 0 8
4 1 5
3 2 6
(3x3)
7 1 8
4 0 5
3 2 6
(3x3)
7 1 8
4 2 5
3 0 6
(3x3)
7 1 8
4 2 5
0 3 6
(3x3)
7 1 8
0 2 5
4 3 6
(3x3)
7 1 8
2 0 5
4 3 6
(3x3)
7 1 8
2 5 0
4 3 6
(3x3)
7 1 8
2 5 6
4 3 0
(3x3)
7 1 8
2 5 6
4 0 3
(3x3)
7 1 8
2 0 6
4 5 3
(3x3)
7 1 8
0 2 6
4 5 3
(3x3)
0 1 8
7 2 6
4 5 3
(3x3)
1 0 8
7 2 6
4 5 3
(3x3)
1 2 8
7 0 6
4 5 3
(3x3)
1 2 8
0 7 6
4 5 3
(3x3)
1 2 8
4 7 6
0 5 3
(3x3)
1 2 8
4 7 6
5 0 3
(3x3)
1 2 8
4 0 6
5 7 3
(3x3)
1 2 8
4 6 0
5 7 3
(3x3)
1 2 0
4 6 8
5 7 3
(3x3)
1 0 2
4 6 8
5 7 3
(3x3)
1 6 2
4 0 8
5 7 3
(3x3)
1 6 2
4 8 0
5 7 3
(3x3)
1 6 2
4 8 3
5 7 0
(3x3)
1 6 2
4 8 3
5 0 7
(3x3)
1 6 2
4 0 3
5 8 7
(3x3)
1 0 2
4 6 3
5 8 7
(3x3)
1 2 0
4 6 3
5 8 7
(3x3)
1 2 3
4 6 0
5 8 7
(3x3)
1 2 3
4 0 6
5 8 7
(3x3)
1 2 3
4 8 6
5 0 7
(3x3)
1 2 3
4 8 6
0 5 7
(3x3)
1 2 3
0 8 6
4 5 7
(3x3)
1 2 3
8 0 6
4 5 7
(3x3)
1 2 3
8 5 6
4 0 7
(3x3)
1 2 3
8 5 6
4 7 0
(3x3)
1 2 3
8 5 0
4 7 6
(3x3)
1 2 3
8 0 5
4 7 6
(3x3)
1 2 3
0 8 5
4 7 6
(3x3)
1 2 3
4 8 5
0 7 6
(3x3)
1 2 3
4 8 5
7 0 6
(3x3)
1 2 3
4 0 5
7 8 6
(3x3)
1 2 3
4 5 0
7 8 6
(3x3)
1 2 3
4 5 6
7 8 0
