Minimum number of moves = 86
(3x3)
8 4 7
1 5 6
3 2 0
(3x3)
8 4 7
1 5 0
3 2 6
(3x3)
8 4 0
1 5 7
3 2 6
(3x3)
8 0 4
1 5 7
3 2 6
(3x3)
0 8 4
1 5 7
3 2 6
(3x3)
1 8 4
0 5 7
3 2 6
(3x3)
1 8 4
5 0 7
3 2 6
(3x3)
1 8 4
5 7 0
3 2 6
(3x3)
1 8 4
5 7 6
3 2 0
(3x3)
1 8 4
5 7 6
3 0 2
(3x3)
1 8 4
5 0 6
3 7 2
(3x3)
1 0 4
5 8 6
3 7 2
(3x3)
1 4 0
5 8 6
3 7 2
(3x3)
1 4 6
5 8 0
3 7 2
(3x3)
1 4 6
5 8 2
3 7 0
(3x3)
1 4 6
5 8 2
3 0 7
(3x3)
1 4 6
5 0 2
3 8 7
(3x3)
1 4 6
5 2 0
3 8 7
(3x3)
1 4 0
5 2 6
3 8 7
(3x3)
1 0 4
5 2 6
3 8 7
(3x3)
1 2 4
5 0 6
3 8 7
(3x3)
1 2 4
0 5 6
3 8 7
(3x3)
1 2 4
3 5 6
0 8 7
(3x3)
1 2 4
3 5 6
8 0 7
(3x3)
1 2 4
3 5 6
8 7 0
(3x3)
1 2 4
3 5 0
8 7 6
(3x3)
1 2 0
3 5 4
8 7 6
(3x3)
1 0 2
3 5 4
8 7 6
(3x3)
1 5 2
3 0 4
8 7 6
(3x3)
1 5 2
3 4 0
8 7 6
(3x3)
1 5 2
3 4 6
8 7 0
(3x3)
1 5 2
3 4 6
8 0 7
(3x3)
1 5 2
3 4 6
0 8 7
(3x3)
1 5 2
0 4 6
3 8 7
(3x3)
1 5 2
4 0 6
3 8 7
(3x3)
1 0 2
4 5 6
3 8 7
(3x3)
1 2 0
4 5 6
3 8 7
(3x3)
1 2 6
4 5 0
3 8 7
(3x3)
1 2 6
4 5 7
3 8 0
(3x3)
1 2 6
4 5 7
3 0 8
(3x3)
1 2 6
4 5 7
0 3 8
(3x3)
1 2 6
0 5 7
4 3 8
(3x3)
1 2 6
5 0 7
4 3 8
(3x3)
1 2 6
5 3 7
4 0 8
(3x3)
1 2 6
5 3 7
4 8 0
(3x3)
1 2 6
5 3 0
4 8 7
(3x3)
1 2 0
5 3 6
4 8 7
(3x3)
1 0 2
5 3 6
4 8 7
(3x3)
1 3 2
5 0 6
4 8 7
(3x3)
1 3 2
0 5 6
4 8 7
(3x3)
1 3 2
4 5 6
0 8 7
(3x3)
1 3 2
4 5 6
8 0 7
(3x3)
1 3 2
4 5 6
8 7 0
(3x3)
1 3 2
4 5 0
8 7 6
(3x3)
1 3 0
4 5 2
8 7 6
(3x3)
1 0 3
4 5 2
8 7 6
(3x3)
1 5 3
4 0 2
8 7 6
(3x3)
1 5 3
4 2 0
8 7 6
(3x3)
1 5 3
4 2 6
8 7 0
(3x3)
1 5 3
4 2 6
8 0 7
(3x3)
1 5 3
4 0 6
8 2 7
(3x3)
1 0 3
4 5 6
8 2 7
(3x3)
1 3 0
4 5 6
8 2 7
(3x3)
1 3 6
4 5 0
8 2 7
(3x3)
1 3 6
4 0 5
8 2 7
(3x3)
1 3 6
4 2 5
8 0 7
(3x3)
1 3 6
4 2 5
8 7 0
(3x3)
1 3 6
4 2 0
8 7 5
(3x3)
1 3 0
4 2 6
8 7 5
(3x3)
1 0 3
4 2 6
8 7 5
(3x3)
1 2 3
4 0 6
8 7 5
(3x3)
1 2 3
4 7 6
8 0 5
(3x3)
1 2 3
4 7 6
8 5 0
(3x3)
1 2 3
4 7 0
8 5 6
(3x3)
1 2 3
4 0 7
8 5 6
(3x3)
1 2 3
4 5 7
8 0 6
(3x3)
1 2 3
4 5 7
0 8 6
(3x3)
1 2 3
0 5 7
4 8 6
(3x3)
1 2 3
5 0 7
4 8 6
(3x3)
1 2 3
5 7 0
4 8 6
(3x3)
1 2 3
5 7 6
4 8 0
(3x3)
1 2 3
5 7 6
4 0 8
(3x3)
1 2 3
5 0 6
4 7 8
(3x3)
1 2 3
0 5 6
4 7 8
(3x3)
1 2 3
4 5 6
0 7 8
(3x3)
1 2 3
4 5 6
7 0 8
(3x3)
1 2 3
4 5 6
7 8 0
