Minimum number of moves = 48
(3x3)
5 6 2
1 8 4
7 3 0
(3x3)
5 6 2
1 8 4
7 0 3
(3x3)
5 6 2
1 0 4
7 8 3
(3x3)
5 0 2
1 6 4
7 8 3
(3x3)
5 2 0
1 6 4
7 8 3
(3x3)
5 2 4
1 6 0
7 8 3
(3x3)
5 2 4
1 0 6
7 8 3
(3x3)
5 2 4
0 1 6
7 8 3
(3x3)
0 2 4
5 1 6
7 8 3
(3x3)
2 0 4
5 1 6
7 8 3
(3x3)
2 4 0
5 1 6
7 8 3
(3x3)
2 4 6
5 1 0
7 8 3
(3x3)
2 4 6
5 1 3
7 8 0
(3x3)
2 4 6
5 1 3
7 0 8
(3x3)
2 4 6
5 0 3
7 1 8
(3x3)
2 0 6
5 4 3
7 1 8
(3x3)
2 6 0
5 4 3
7 1 8
(3x3)
2 6 3
5 4 0
7 1 8
(3x3)
2 6 3
5 0 4
7 1 8
(3x3)
2 6 3
5 1 4
7 0 8
(3x3)
2 6 3
5 1 4
7 8 0
(3x3)
2 6 3
5 1 0
7 8 4
(3x3)
2 6 0
5 1 3
7 8 4
(3x3)
2 0 6
5 1 3
7 8 4
(3x3)
2 1 6
5 0 3
7 8 4
(3x3)
2 1 6
0 5 3
7 8 4
(3x3)
0 1 6
2 5 3
7 8 4
(3x3)
1 0 6
2 5 3
7 8 4
(3x3)
1 6 0
2 5 3
7 8 4
(3x3)
1 6 3
2 5 0
7 8 4
(3x3)
1 6 3
2 0 5
7 8 4
(3x3)
1 0 3
2 6 5
7 8 4
(3x3)
1 3 0
2 6 5
7 8 4
(3x3)
1 3 5
2 6 0
7 8 4
(3x3)
1 3 5
2 0 6
7 8 4
(3x3)
1 3 5
0 2 6
7 8 4
(3x3)
1 3 5
7 2 6
0 8 4
(3x3)
1 3 5
7 2 6
8 0 4
(3x3)
1 3 5
7 2 6
8 4 0
(3x3)
1 3 5
7 2 0
8 4 6
(3x3)
1 3 0
7 2 5
8 4 6
(3x3)
1 0 3
7 2 5
8 4 6
(3x3)
1 2 3
7 0 5
8 4 6
(3x3)
1 2 3
7 4 5
8 0 6
(3x3)
1 2 3
7 4 5
0 8 6
(3x3)
1 2 3
0 4 5
7 8 6
(3x3)
1 2 3
4 0 5
7 8 6
(3x3)
1 2 3
4 5 0
7 8 6
(3x3)
1 2 3
4 5 6
7 8 0
