Minimum number of moves = 56
(3x3)
5 7 4
3 0 8
1 6 2
(3x3)
5 7 4
3 6 8
1 0 2
(3x3)
5 7 4
3 6 8
1 2 0
(3x3)
5 7 4
3 6 0
1 2 8
(3x3)
5 7 4
3 0 6
1 2 8
(3x3)
5 7 4
0 3 6
1 2 8
(3x3)
5 7 4
1 3 6
0 2 8
(3x3)
5 7 4
1 3 6
2 0 8
(3x3)
5 7 4
1 3 6
2 8 0
(3x3)
5 7 4
1 3 0
2 8 6
(3x3)
5 7 4
1 0 3
2 8 6
(3x3)
5 0 4
1 7 3
2 8 6
(3x3)
5 4 0
1 7 3
2 8 6
(3x3)
5 4 3
1 7 0
2 8 6
(3x3)
5 4 3
1 7 6
2 8 0
(3x3)
5 4 3
1 7 6
2 0 8
(3x3)
5 4 3
1 0 6
2 7 8
(3x3)
5 0 3
1 4 6
2 7 8
(3x3)
0 5 3
1 4 6
2 7 8
(3x3)
1 5 3
0 4 6
2 7 8
(3x3)
1 5 3
2 4 6
0 7 8
(3x3)
1 5 3
2 4 6
7 0 8
(3x3)
1 5 3
2 0 6
7 4 8
(3x3)
1 5 3
0 2 6
7 4 8
(3x3)
1 5 3
7 2 6
0 4 8
(3x3)
1 5 3
7 2 6
4 0 8
(3x3)
1 5 3
7 2 6
4 8 0
(3x3)
1 5 3
7 2 0
4 8 6
(3x3)
1 5 3
7 0 2
4 8 6
(3x3)
1 0 3
7 5 2
4 8 6
(3x3)
1 3 0
7 5 2
4 8 6
(3x3)
1 3 2
7 5 0
4 8 6
(3x3)
1 3 2
7 5 6
4 8 0
(3x3)
1 3 2
7 5 6
4 0 8
(3x3)
1 3 2
7 5 6
0 4 8
(3x3)
1 3 2
0 5 6
7 4 8
(3x3)
1 3 2
5 0 6
7 4 8
(3x3)
1 3 2
5 4 6
7 0 8
(3x3)
1 3 2
5 4 6
7 8 0
(3x3)
1 3 2
5 4 0
7 8 6
(3x3)
1 3 2
5 0 4
7 8 6
(3x3)
1 0 2
5 3 4
7 8 6
(3x3)
1 2 0
5 3 4
7 8 6
(3x3)
1 2 4
5 3 0
7 8 6
(3x3)
1 2 4
5 0 3
7 8 6
(3x3)
1 2 4
0 5 3
7 8 6
(3x3)
0 2 4
1 5 3
7 8 6
(3x3)
2 0 4
1 5 3
7 8 6
(3x3)
2 4 0
1 5 3
7 8 6
(3x3)
2 4 3
1 5 0
7 8 6
(3x3)
2 4 3
1 0 5
7 8 6
(3x3)
2 0 3
1 4 5
7 8 6
(3x3)
0 2 3
1 4 5
7 8 6
(3x3)
1 2 3
0 4 5
7 8 6
(3x3)
1 2 3
4 0 5
7 8 6
(3x3)
1 2 3
4 5 0
7 8 6
(3x3)
1 2 3
4 5 6
7 8 0
