Minimum number of moves = 47
(3x3)
1 2 7
0 4 3
6 5 8
(3x3)
1 2 7
4 0 3
6 5 8
(3x3)
1 2 7
4 5 3
6 0 8
(3x3)
1 2 7
4 5 3
6 8 0
(3x3)
1 2 7
4 5 0
6 8 3
(3x3)
1 2 0
4 5 7
6 8 3
(3x3)
1 0 2
4 5 7
6 8 3
(3x3)
1 5 2
4 0 7
6 8 3
(3x3)
1 5 2
4 7 0
6 8 3
(3x3)
1 5 2
4 7 3
6 8 0
(3x3)
1 5 2
4 7 3
6 0 8
(3x3)
1 5 2
4 0 3
6 7 8
(3x3)
1 0 2
4 5 3
6 7 8
(3x3)
1 2 0
4 5 3
6 7 8
(3x3)
1 2 3
4 5 0
6 7 8
(3x3)
1 2 3
4 0 5
6 7 8
(3x3)
1 2 3
0 4 5
6 7 8
(3x3)
1 2 3
6 4 5
0 7 8
(3x3)
1 2 3
6 4 5
7 0 8
(3x3)
1 2 3
6 0 5
7 4 8
(3x3)
1 2 3
0 6 5
7 4 8
(3x3)
1 2 3
7 6 5
0 4 8
(3x3)
1 2 3
7 6 5
4 0 8
(3x3)
1 2 3
7 6 5
4 8 0
(3x3)
1 2 3
7 6 0
4 8 5
(3x3)
1 2 3
7 0 6
4 8 5
(3x3)
1 2 3
0 7 6
4 8 5
(3x3)
1 2 3
4 7 6
0 8 5
(3x3)
1 2 3
4 7 6
8 0 5
(3x3)
1 2 3
4 0 6
8 7 5
(3x3)
1 2 3
4 6 0
8 7 5
(3x3)
1 2 3
4 6 5
8 7 0
(3x3)
1 2 3
4 6 5
8 0 7
(3x3)
1 2 3
4 0 5
8 6 7
(3x3)
1 2 3
4 5 0
8 6 7
(3x3)
1 2 3
4 5 7
8 6 0
(3x3)
1 2 3
4 5 7
8 0 6
(3x3)
1 2 3
4 5 7
0 8 6
(3x3)
1 2 3
0 5 7
4 8 6
(3x3)
1 2 3
5 0 7
4 8 6
(3x3)
1 2 3
5 7 0
4 8 6
(3x3)
1 2 3
5 7 6
4 8 0
(3x3)
1 2 3
5 7 6
4 0 8
(3x3)
1 2 3
5 0 6
4 7 8
(3x3)
1 2 3
0 5 6
4 7 8
(3x3)
1 2 3
4 5 6
0 7 8
(3x3)
1 2 3
4 5 6
7 0 8
(3x3)
1 2 3
4 5 6
7 8 0
